File: snapp.xml seed: 1660199372761 threads: 24
Loading package SNAPP v1.5.1
Loading package BEAST v2.6.3
Loading package BEASTLabs v1.9.6
Loading package SA v2.0.2
Loading package BEAST v2.6.3
ALI: 5761 5
ASL: 5761 5
CZ: 5761 5
FR: 5761 5
JN: 5761 5
JS: 5761 5
MA: 5761 5
NC: 5761 5
NN: 5761 5
PO: 5761 5
QU: 5761 5
SD: 5761 5
SW: 5761 5
WN: 5761 5
Zjaponica: 5761 3
WARNING: kappa parameter not set for SnAPPrior. using default value of 1.0
Rate prior = uniform
Log Likelihood Correction = -1366.1357783786302
End likelihood: -14296.363469101354
